location,date,vaccine,source_url,total_vaccinations,people_vaccinated,people_fully_vaccinated,total_boosters
Australia,2021-02-21,Pfizer/BioNTech,https://covidbaseau.com/,20,20,0,0
Australia,2021-02-22,Pfizer/BioNTech,https://covidbaseau.com/,2789,2789,0,0
Australia,2021-02-23,Pfizer/BioNTech,https://covidbaseau.com/,6914,6911,3,0
Australia,2021-02-24,Pfizer/BioNTech,https://covidbaseau.com/,16629,16626,3,0
Australia,2021-02-25,Pfizer/BioNTech,https://covidbaseau.com/,23510,23501,9,0
Australia,2021-02-26,Pfizer/BioNTech,https://covidbaseau.com/,30000,29989,11,0
Australia,2021-02-27,Pfizer/BioNTech,https://covidbaseau.com/,31894,31882,12,0
Australia,2021-02-28,Pfizer/BioNTech,https://covidbaseau.com/,34630,34618,12,0
Australia,2021-03-01,Pfizer/BioNTech,https://covidbaseau.com/,41907,41895,12,0
Australia,2021-03-02,Pfizer/BioNTech,https://covidbaseau.com/,51070,51058,12,0
Australia,2021-03-03,Pfizer/BioNTech,https://covidbaseau.com/,61009,60994,15,0
Australia,2021-03-04,Pfizer/BioNTech,https://covidbaseau.com/,71867,71848,19,0
Australia,2021-03-05,Pfizer/BioNTech,https://covidbaseau.com/,76940,76916,24,0
Australia,2021-03-06,"Moderna, Oxford/AstraZeneca, Pfizer/BioNTech",https://covidbaseau.com/,81345,81321,24,0
Australia,2021-03-07,"Moderna, Oxford/AstraZeneca, Pfizer/BioNTech",https://covidbaseau.com/,86369,86345,24,0
Australia,2021-03-08,"Moderna, Oxford/AstraZeneca, Pfizer/BioNTech",https://covidbaseau.com/,94908,94884,24,0
Australia,2021-03-09,"Moderna, Oxford/AstraZeneca, Pfizer/BioNTech",https://covidbaseau.com/,108328,108301,27,0
Australia,2021-03-10,"Moderna, Oxford/AstraZeneca, Pfizer/BioNTech",https://covidbaseau.com/,125000,124972,28,0
Australia,2021-03-11,"Moderna, Oxford/AstraZeneca, Pfizer/BioNTech",https://covidbaseau.com/,135109,135077,32,0
Australia,2021-03-12,"Moderna, Oxford/AstraZeneca, Pfizer/BioNTech",https://covidbaseau.com/,159294,159260,34,0
Australia,2021-03-13,"Moderna, Oxford/AstraZeneca, Pfizer/BioNTech",https://covidbaseau.com/,162551,162517,34,0
Australia,2021-03-14,"Moderna, Oxford/AstraZeneca, Pfizer/BioNTech",https://covidbaseau.com/,164781,164746,35,0
Australia,2021-03-15,"Moderna, Oxford/AstraZeneca, Pfizer/BioNTech",https://covidbaseau.com/,182437,182214,223,0
Australia,2021-03-16,"Moderna, Oxford/AstraZeneca, Pfizer/BioNTech",https://covidbaseau.com/,203557,203032,525,0
Australia,2021-03-17,"Moderna, Oxford/AstraZeneca, Pfizer/BioNTech",https://covidbaseau.com/,226057,224711,1346,0
Australia,2021-03-18,"Moderna, Oxford/AstraZeneca, Pfizer/BioNTech",https://covidbaseau.com/,240754,238673,2081,0
Australia,2021-03-19,"Moderna, Oxford/AstraZeneca, Pfizer/BioNTech",https://covidbaseau.com/,253831,251060,2771,0
Australia,2021-03-20,"Moderna, Oxford/AstraZeneca, Pfizer/BioNTech",https://covidbaseau.com/,256782,253858,2924,0
Australia,2021-03-21,"Moderna, Oxford/AstraZeneca, Pfizer/BioNTech",https://covidbaseau.com/,281960,262283,19677,0
Australia,2021-03-22,"Moderna, Oxford/AstraZeneca, Pfizer/BioNTech",https://covidbaseau.com/,312502,289317,23185,0
Australia,2021-03-23,"Moderna, Oxford/AstraZeneca, Pfizer/BioNTech",https://covidbaseau.com/,358502,334123,24379,0
Australia,2021-03-24,"Moderna, Oxford/AstraZeneca, Pfizer/BioNTech",https://covidbaseau.com/,408410,379837,28573,0
Australia,2021-03-25,"Moderna, Oxford/AstraZeneca, Pfizer/BioNTech",https://covidbaseau.com/,460155,427294,32861,0
Australia,2021-03-26,"Moderna, Oxford/AstraZeneca, Pfizer/BioNTech",https://covidbaseau.com/,506465,471771,34694,0
Australia,2021-03-27,"Moderna, Oxford/AstraZeneca, Pfizer/BioNTech",https://covidbaseau.com/,524189,488220,35969,0
Australia,2021-03-28,"Moderna, Oxford/AstraZeneca, Pfizer/BioNTech",https://covidbaseau.com/,541761,505085,36676,0
Australia,2021-03-29,"Moderna, Oxford/AstraZeneca, Pfizer/BioNTech",https://covidbaseau.com/,597525,551335,46190,0
Australia,2021-03-30,"Moderna, Oxford/AstraZeneca, Pfizer/BioNTech",https://covidbaseau.com/,670351,620336,50015,0
Australia,2021-03-31,"Moderna, Oxford/AstraZeneca, Pfizer/BioNTech",https://covidbaseau.com/,744330,671606,72724,0
Australia,2021-04-01,"Moderna, Oxford/AstraZeneca, Pfizer/BioNTech",https://covidbaseau.com/,823613,744369,79244,0
Australia,2021-04-02,"Moderna, Oxford/AstraZeneca, Pfizer/BioNTech",https://covidbaseau.com/,828059,747698,80361,0
Australia,2021-04-03,"Moderna, Oxford/AstraZeneca, Pfizer/BioNTech",https://covidbaseau.com/,843182,761864,81318,0
Australia,2021-04-04,"Moderna, Oxford/AstraZeneca, Pfizer/BioNTech",https://covidbaseau.com/,844309,762679,81630,0
Australia,2021-04-05,"Moderna, Oxford/AstraZeneca, Pfizer/BioNTech",https://covidbaseau.com/,854983,771972,83011,0
Australia,2021-04-06,"Moderna, Oxford/AstraZeneca, Pfizer/BioNTech",https://covidbaseau.com/,920334,829963,90371,0
Australia,2021-04-07,"Moderna, Oxford/AstraZeneca, Pfizer/BioNTech",https://covidbaseau.com/,996214,899641,96573,0
Australia,2021-04-08,"Moderna, Oxford/AstraZeneca, Pfizer/BioNTech",https://covidbaseau.com/,1077511,940239,137272,0
Australia,2021-04-09,"Moderna, Oxford/AstraZeneca, Pfizer/BioNTech",https://covidbaseau.com/,1138866,993668,145198,0
Australia,2021-04-10,"Moderna, Oxford/AstraZeneca, Pfizer/BioNTech",https://covidbaseau.com/,1166568,1018671,147897,0
Australia,2021-04-11,"Moderna, Oxford/AstraZeneca, Pfizer/BioNTech",https://covidbaseau.com/,1178302,1029486,148816,0
Australia,2021-04-12,"Moderna, Oxford/AstraZeneca, Pfizer/BioNTech",https://covidbaseau.com/,1234681,1077574,157107,0
Australia,2021-04-13,"Moderna, Oxford/AstraZeneca, Pfizer/BioNTech",https://covidbaseau.com/,1295672,1131621,164051,0
Australia,2021-04-14,"Moderna, Oxford/AstraZeneca, Pfizer/BioNTech",https://covidbaseau.com/,1359305,1188424,170881,0
Australia,2021-04-15,"Moderna, Oxford/AstraZeneca, Pfizer/BioNTech",https://covidbaseau.com/,1420577,1242588,177989,0
Australia,2021-04-16,"Moderna, Oxford/AstraZeneca, Pfizer/BioNTech",https://covidbaseau.com/,1474558,1290409,184149,0
Australia,2021-04-17,"Moderna, Oxford/AstraZeneca, Pfizer/BioNTech",https://covidbaseau.com/,1496912,1310866,186046,0
Australia,2021-04-18,"Moderna, Oxford/AstraZeneca, Pfizer/BioNTech",https://covidbaseau.com/,1586556,1399808,186748,0
Australia,2021-04-19,"Moderna, Oxford/AstraZeneca, Pfizer/BioNTech",https://covidbaseau.com/,1653286,1459097,194189,0
Australia,2021-04-20,"Moderna, Oxford/AstraZeneca, Pfizer/BioNTech",https://covidbaseau.com/,1718107,1516390,201717,0
Australia,2021-04-21,"Moderna, Oxford/AstraZeneca, Pfizer/BioNTech",https://covidbaseau.com/,1785698,1565322,220376,0
Australia,2021-04-22,"Moderna, Oxford/AstraZeneca, Pfizer/BioNTech",https://covidbaseau.com/,1855601,1628307,227294,0
Australia,2021-04-23,"Moderna, Oxford/AstraZeneca, Pfizer/BioNTech",https://covidbaseau.com/,1914047,1682424,231623,0
Australia,2021-04-24,"Moderna, Oxford/AstraZeneca, Pfizer/BioNTech",https://covidbaseau.com/,1934077,1701357,232720,0
Australia,2021-04-25,"Moderna, Oxford/AstraZeneca, Pfizer/BioNTech",https://covidbaseau.com/,1937485,1704743,232742,0
Australia,2021-04-26,"Moderna, Oxford/AstraZeneca, Pfizer/BioNTech",https://covidbaseau.com/,1969337,1735756,233581,0
Australia,2021-04-27,"Moderna, Oxford/AstraZeneca, Pfizer/BioNTech",https://covidbaseau.com/,2029544,1791020,238524,0
Australia,2021-04-28,"Moderna, Oxford/AstraZeneca, Pfizer/BioNTech",https://covidbaseau.com/,2112285,1867045,245240,0
Australia,2021-04-29,"Moderna, Oxford/AstraZeneca, Pfizer/BioNTech",https://covidbaseau.com/,2179544,1926672,252872,0
Australia,2021-04-30,"Moderna, Oxford/AstraZeneca, Pfizer/BioNTech",https://covidbaseau.com/,2234844,1976315,258529,0
Australia,2021-05-01,"Moderna, Oxford/AstraZeneca, Pfizer/BioNTech",https://covidbaseau.com/,2254074,1994063,260011,0
Australia,2021-05-02,"Moderna, Oxford/AstraZeneca, Pfizer/BioNTech",https://covidbaseau.com/,2260615,1999899,260716,0
Australia,2021-05-03,"Moderna, Oxford/AstraZeneca, Pfizer/BioNTech",https://covidbaseau.com/,2316969,2051573,265396,0
Australia,2021-05-04,"Moderna, Oxford/AstraZeneca, Pfizer/BioNTech",https://covidbaseau.com/,2396314,2124394,271920,0
Australia,2021-05-05,"Moderna, Oxford/AstraZeneca, Pfizer/BioNTech",https://covidbaseau.com/,2473529,2195139,278390,0
Australia,2021-05-06,"Moderna, Oxford/AstraZeneca, Pfizer/BioNTech",https://covidbaseau.com/,2554531,2268890,285641,0
Australia,2021-05-07,"Moderna, Oxford/AstraZeneca, Pfizer/BioNTech",https://covidbaseau.com/,2627725,2335211,292514,0
Australia,2021-05-08,"Moderna, Oxford/AstraZeneca, Pfizer/BioNTech",https://covidbaseau.com/,2654338,2360192,294146,0
Australia,2021-05-09,"Moderna, Oxford/AstraZeneca, Pfizer/BioNTech",https://covidbaseau.com/,2663221,2368476,294745,0
Australia,2021-05-10,"Moderna, Oxford/AstraZeneca, Pfizer/BioNTech",https://covidbaseau.com/,2736107,2436106,300001,0
Australia,2021-05-11,"Moderna, Oxford/AstraZeneca, Pfizer/BioNTech",https://covidbaseau.com/,2812486,2506399,306087,0
Australia,2021-05-12,"Moderna, Oxford/AstraZeneca, Pfizer/BioNTech",https://covidbaseau.com/,2894770,2580660,314110,0
Australia,2021-05-13,"Moderna, Oxford/AstraZeneca, Pfizer/BioNTech",https://covidbaseau.com/,2980644,2660509,320135,0
Australia,2021-05-14,"Moderna, Oxford/AstraZeneca, Pfizer/BioNTech",https://covidbaseau.com/,3056797,2728447,328350,0
Australia,2021-05-15,"Moderna, Oxford/AstraZeneca, Pfizer/BioNTech",https://covidbaseau.com/,3089184,2758361,330823,0
Australia,2021-05-16,"Moderna, Oxford/AstraZeneca, Pfizer/BioNTech",https://covidbaseau.com/,3100137,2768527,331610,0
Australia,2021-05-17,"Moderna, Oxford/AstraZeneca, Pfizer/BioNTech",https://covidbaseau.com/,3183324,2772593,410731,0
Australia,2021-05-18,"Moderna, Oxford/AstraZeneca, Pfizer/BioNTech",https://covidbaseau.com/,3278854,2861133,417721,0
Australia,2021-05-19,"Moderna, Oxford/AstraZeneca, Pfizer/BioNTech",https://covidbaseau.com/,3371728,2946301,425427,0
Australia,2021-05-20,"Moderna, Oxford/AstraZeneca, Pfizer/BioNTech",https://covidbaseau.com/,3472874,3038105,434769,0
Australia,2021-05-21,"Moderna, Oxford/AstraZeneca, Pfizer/BioNTech",https://covidbaseau.com/,3562495,3120757,,0
Australia,2021-05-22,"Moderna, Oxford/AstraZeneca, Pfizer/BioNTech",https://covidbaseau.com/,3599964,3156107,,0
Australia,2021-05-23,"Moderna, Oxford/AstraZeneca, Pfizer/BioNTech",https://covidbaseau.com/,3613053,3168814,,0
Australia,2021-05-24,"Moderna, Oxford/AstraZeneca, Pfizer/BioNTech",https://covidbaseau.com/,3690622,3255437,435185,0
Australia,2021-05-25,"Moderna, Oxford/AstraZeneca, Pfizer/BioNTech",https://covidbaseau.com/,3795280,3320569,474711,0
Australia,2021-05-26,"Moderna, Oxford/AstraZeneca, Pfizer/BioNTech",https://covidbaseau.com/,3906668,3425248,481420,0
Australia,2021-05-27,"Moderna, Oxford/AstraZeneca, Pfizer/BioNTech",https://covidbaseau.com/,4031539,3541569,489970,0
Australia,2021-05-28,"Moderna, Oxford/AstraZeneca, Pfizer/BioNTech",https://covidbaseau.com/,4153149,3655905,497244,0
Australia,2021-05-29,"Moderna, Oxford/AstraZeneca, Pfizer/BioNTech",https://covidbaseau.com/,4212899,3714197,498702,0
Australia,2021-05-30,"Moderna, Oxford/AstraZeneca, Pfizer/BioNTech",https://covidbaseau.com/,4243600,3743622,499978,0
Australia,2021-05-31,"Moderna, Oxford/AstraZeneca, Pfizer/BioNTech",https://covidbaseau.com/,4362739,3856485,506254,0
Australia,2021-06-01,"Moderna, Oxford/AstraZeneca, Pfizer/BioNTech",https://covidbaseau.com/,4501444,3960329,541115,0
Australia,2021-06-02,"Moderna, Oxford/AstraZeneca, Pfizer/BioNTech",https://covidbaseau.com/,4642703,4092509,550194,0
Australia,2021-06-03,"Moderna, Oxford/AstraZeneca, Pfizer/BioNTech",https://covidbaseau.com/,4786362,4226528,559834,0
Australia,2021-06-04,"Moderna, Oxford/AstraZeneca, Pfizer/BioNTech",https://covidbaseau.com/,4927607,4357962,569645,0
Australia,2021-06-05,"Moderna, Oxford/AstraZeneca, Pfizer/BioNTech",https://covidbaseau.com/,5016352,4442925,573427,0
Australia,2021-06-06,"Moderna, Oxford/AstraZeneca, Pfizer/BioNTech",https://covidbaseau.com/,5076413,4463413,613000,0
Australia,2021-06-07,"Moderna, Oxford/AstraZeneca, Pfizer/BioNTech",https://covidbaseau.com/,5203977,4568516,635461,0
Australia,2021-06-08,"Moderna, Oxford/AstraZeneca, Pfizer/BioNTech",https://covidbaseau.com/,5344862,4693030,651832,0
Australia,2021-06-09,"Moderna, Oxford/AstraZeneca, Pfizer/BioNTech",https://covidbaseau.com/,5487670,4817746,669924,0
Australia,2021-06-10,"Moderna, Oxford/AstraZeneca, Pfizer/BioNTech",https://covidbaseau.com/,5641008,4954528,686480,0
Australia,2021-06-11,"Moderna, Oxford/AstraZeneca, Pfizer/BioNTech",https://covidbaseau.com/,5773924,,703581,0
Australia,2021-06-12,"Moderna, Oxford/AstraZeneca, Pfizer/BioNTech",https://covidbaseau.com/,5834746,,710650,0
Australia,2021-06-13,"Moderna, Oxford/AstraZeneca, Pfizer/BioNTech",https://covidbaseau.com/,5867299,5000913,866386,0
Australia,2021-06-14,"Moderna, Oxford/AstraZeneca, Pfizer/BioNTech",https://covidbaseau.com/,5931245,5029208,902037,0
Australia,2021-06-15,"Moderna, Oxford/AstraZeneca, Pfizer/BioNTech",https://covidbaseau.com/,6083320,5157291,926029,0
Australia,2021-06-16,"Moderna, Oxford/AstraZeneca, Pfizer/BioNTech",https://covidbaseau.com/,6219330,5258090,961240,0
Australia,2021-06-17,"Moderna, Oxford/AstraZeneca, Pfizer/BioNTech",https://covidbaseau.com/,6360666,5340569,1020097,0
Australia,2021-06-18,"Moderna, Oxford/AstraZeneca, Pfizer/BioNTech",https://covidbaseau.com/,6491476,5447144,1044332,0
Australia,2021-06-19,"Moderna, Oxford/AstraZeneca, Pfizer/BioNTech",https://covidbaseau.com/,6556029,5499359,1056670,0
Australia,2021-06-20,"Moderna, Oxford/AstraZeneca, Pfizer/BioNTech",https://covidbaseau.com/,6590741,5509653,1081088,0
Australia,2021-06-21,"Moderna, Oxford/AstraZeneca, Pfizer/BioNTech",https://covidbaseau.com/,6719384,5630732,1088652,0
Australia,2021-06-22,"Moderna, Oxford/AstraZeneca, Pfizer/BioNTech",https://covidbaseau.com/,6860276,5645745,1214531,0
Australia,2021-06-23,"Moderna, Oxford/AstraZeneca, Pfizer/BioNTech",https://covidbaseau.com/,6999198,5756508,1242690,0
Australia,2021-06-24,"Moderna, Oxford/AstraZeneca, Pfizer/BioNTech",https://covidbaseau.com/,7137632,5777713,1359919,0
Australia,2021-06-25,"Moderna, Oxford/AstraZeneca, Pfizer/BioNTech",https://covidbaseau.com/,7257605,5871374,1386231,0
Australia,2021-06-26,"Moderna, Oxford/AstraZeneca, Pfizer/BioNTech",https://covidbaseau.com/,7326320,5876688,1449632,0
Australia,2021-06-27,"Moderna, Oxford/AstraZeneca, Pfizer/BioNTech",https://covidbaseau.com/,7374666,5897308,1477358,0
Australia,2021-06-28,"Moderna, Oxford/AstraZeneca, Pfizer/BioNTech",https://covidbaseau.com/,7500700,6021941,1478759,0
Australia,2021-06-29,"Moderna, Oxford/AstraZeneca, Pfizer/BioNTech",https://covidbaseau.com/,7645585,6099088,1546497,0
Australia,2021-06-30,"Moderna, Oxford/AstraZeneca, Pfizer/BioNTech",https://covidbaseau.com/,7742536,6109102,1633434,0
Australia,2021-07-01,"Moderna, Oxford/AstraZeneca, Pfizer/BioNTech",https://covidbaseau.com/,7927854,6201581,1726273,0
Australia,2021-07-02,"Moderna, Oxford/AstraZeneca, Pfizer/BioNTech",https://covidbaseau.com/,8082671,6274405,1808266,0
Australia,2021-07-03,"Moderna, Oxford/AstraZeneca, Pfizer/BioNTech",https://covidbaseau.com/,8175657,6319911,1855746,0
Australia,2021-07-04,"Moderna, Oxford/AstraZeneca, Pfizer/BioNTech",https://covidbaseau.com/,8225986,6348365,1877621,0
Australia,2021-07-05,"Moderna, Oxford/AstraZeneca, Pfizer/BioNTech",https://covidbaseau.com/,8361030,6416805,1944225,0
Australia,2021-07-06,"Moderna, Oxford/AstraZeneca, Pfizer/BioNTech",https://covidbaseau.com/,8520494,6496559,2023935,0
Australia,2021-07-07,"Moderna, Oxford/AstraZeneca, Pfizer/BioNTech",https://covidbaseau.com/,8670124,6570649,2099475,0
Australia,2021-07-08,"Moderna, Oxford/AstraZeneca, Pfizer/BioNTech",https://covidbaseau.com/,8826874,6646330,2180544,0
Australia,2021-07-09,"Moderna, Oxford/AstraZeneca, Pfizer/BioNTech",https://covidbaseau.com/,8971704,6717106,2254598,0
Australia,2021-07-10,"Moderna, Oxford/AstraZeneca, Pfizer/BioNTech",https://covidbaseau.com/,9070369,6766522,2303847,0
Australia,2021-07-11,"Moderna, Oxford/AstraZeneca, Pfizer/BioNTech",https://covidbaseau.com/,9123787,6798066,2325721,0
Australia,2021-07-12,"Moderna, Oxford/AstraZeneca, Pfizer/BioNTech",https://covidbaseau.com/,9269905,6869133,2400772,0
Australia,2021-07-13,"Moderna, Oxford/AstraZeneca, Pfizer/BioNTech",https://covidbaseau.com/,9438826,6950177,2488649,0
Australia,2021-07-14,"Moderna, Oxford/AstraZeneca, Pfizer/BioNTech",https://covidbaseau.com/,9608851,7030339,2578512,0
Australia,2021-07-15,"Moderna, Oxford/AstraZeneca, Pfizer/BioNTech",https://covidbaseau.com/,9780543,7110598,2669945,0
Australia,2021-07-16,"Moderna, Oxford/AstraZeneca, Pfizer/BioNTech",https://covidbaseau.com/,9943302,7189791,2753511,0
Australia,2021-07-17,"Moderna, Oxford/AstraZeneca, Pfizer/BioNTech",https://covidbaseau.com/,10045830,7243962,2801868,0
Australia,2021-07-18,"Moderna, Oxford/AstraZeneca, Pfizer/BioNTech",https://covidbaseau.com/,10103159,7274900,2828259,0
Australia,2021-07-19,"Moderna, Oxford/AstraZeneca, Pfizer/BioNTech",https://covidbaseau.com/,10270344,7363541,2906803,0
Australia,2021-07-20,"Moderna, Oxford/AstraZeneca, Pfizer/BioNTech",https://covidbaseau.com/,10443776,7449080,2994696,0
Australia,2021-07-21,"Moderna, Oxford/AstraZeneca, Pfizer/BioNTech",https://covidbaseau.com/,10638716,7548583,3090133,0
Australia,2021-07-22,"Moderna, Oxford/AstraZeneca, Pfizer/BioNTech",https://covidbaseau.com/,10826896,7643470,3183426,0
Australia,2021-07-23,"Moderna, Oxford/AstraZeneca, Pfizer/BioNTech",https://covidbaseau.com/,11011255,7739291,3271964,0
Australia,2021-07-24,"Moderna, Oxford/AstraZeneca, Pfizer/BioNTech",https://covidbaseau.com/,11130234,7803021,3327213,0
Australia,2021-07-25,"Moderna, Oxford/AstraZeneca, Pfizer/BioNTech",https://covidbaseau.com/,11199809,7840804,3359005,0
Australia,2021-07-26,"Moderna, Oxford/AstraZeneca, Pfizer/BioNTech",https://covidbaseau.com/,11379476,7934454,3445022,0
Australia,2021-07-27,"Moderna, Oxford/AstraZeneca, Pfizer/BioNTech",https://covidbaseau.com/,11570868,8025806,3545062,0
Australia,2021-07-28,"Moderna, Oxford/AstraZeneca, Pfizer/BioNTech",https://covidbaseau.com/,11794088,8137548,3656540,0
Australia,2021-07-29,"Moderna, Oxford/AstraZeneca, Pfizer/BioNTech",https://covidbaseau.com/,11999027,8237020,3762007,0
Australia,2021-07-30,"Moderna, Oxford/AstraZeneca, Pfizer/BioNTech",https://covidbaseau.com/,12209797,8344012,3865785,0
Australia,2021-07-31,"Moderna, Oxford/AstraZeneca, Pfizer/BioNTech",https://covidbaseau.com/,12334071,8407015,3927056,0
Australia,2021-08-01,"Moderna, Oxford/AstraZeneca, Pfizer/BioNTech",https://covidbaseau.com/,12410127,8445404,3964723,0
Australia,2021-08-02,"Moderna, Oxford/AstraZeneca, Pfizer/BioNTech",https://covidbaseau.com/,12599440,8537516,4061924,0
Australia,2021-08-03,"Moderna, Oxford/AstraZeneca, Pfizer/BioNTech",https://covidbaseau.com/,12818532,8644506,4174026,0
Australia,2021-08-04,"Moderna, Oxford/AstraZeneca, Pfizer/BioNTech",https://covidbaseau.com/,13041229,8751409,4289820,0
Australia,2021-08-05,"Moderna, Oxford/AstraZeneca, Pfizer/BioNTech",https://covidbaseau.com/,13281135,8872330,4408805,0
Australia,2021-08-06,"Moderna, Oxford/AstraZeneca, Pfizer/BioNTech",https://covidbaseau.com/,13517126,8990538,4526588,0
Australia,2021-08-07,"Moderna, Oxford/AstraZeneca, Pfizer/BioNTech",https://covidbaseau.com/,13673060,9061739,4611321,0
Australia,2021-08-08,"Moderna, Oxford/AstraZeneca, Pfizer/BioNTech",https://covidbaseau.com/,13760468,9108510,4651958,0
Australia,2021-08-09,"Moderna, Oxford/AstraZeneca, Pfizer/BioNTech",https://covidbaseau.com/,13978253,9217113,4761140,0
Australia,2021-08-10,"Moderna, Oxford/AstraZeneca, Pfizer/BioNTech",https://covidbaseau.com/,14244517,9352280,4892237,0
Australia,2021-08-11,"Moderna, Oxford/AstraZeneca, Pfizer/BioNTech",https://covidbaseau.com/,14507481,9484184,5023297,0
Australia,2021-08-12,"Moderna, Oxford/AstraZeneca, Pfizer/BioNTech",https://covidbaseau.com/,14777274,9618874,5158400,0
Australia,2021-08-13,"Moderna, Oxford/AstraZeneca, Pfizer/BioNTech",https://covidbaseau.com/,15056296,9760508,5295788,0
Australia,2021-08-14,"Moderna, Oxford/AstraZeneca, Pfizer/BioNTech",https://covidbaseau.com/,15220857,9847969,5372888,0
Australia,2021-08-15,"Moderna, Oxford/AstraZeneca, Pfizer/BioNTech",https://covidbaseau.com/,15315158,9905472,5409686,0
Australia,2021-08-16,"Moderna, Oxford/AstraZeneca, Pfizer/BioNTech",https://covidbaseau.com/,15593985,10051748,5542237,0
Australia,2021-08-17,"Moderna, Oxford/AstraZeneca, Pfizer/BioNTech",https://covidbaseau.com/,15867284,10195842,5671442,0
Australia,2021-08-18,"Moderna, Oxford/AstraZeneca, Pfizer/BioNTech",https://covidbaseau.com/,16175628,10359796,5815832,0
Australia,2021-08-19,"Moderna, Oxford/AstraZeneca, Pfizer/BioNTech",https://covidbaseau.com/,16478313,10519590,5958723,0
Australia,2021-08-20,"Moderna, Oxford/AstraZeneca, Pfizer/BioNTech",https://covidbaseau.com/,16788159,10684738,6103421,0
Australia,2021-08-21,"Moderna, Oxford/AstraZeneca, Pfizer/BioNTech",https://covidbaseau.com/,16983749,10793183,6190566,0
Australia,2021-08-22,"Moderna, Oxford/AstraZeneca, Pfizer/BioNTech",https://covidbaseau.com/,17123030,10882390,6240640,0
Australia,2021-08-23,"Moderna, Oxford/AstraZeneca, Pfizer/BioNTech",https://covidbaseau.com/,17412205,11043784,6368421,0
Australia,2021-08-24,"Moderna, Oxford/AstraZeneca, Pfizer/BioNTech",https://covidbaseau.com/,17718300,11210096,6508204,0
Australia,2021-08-25,"Moderna, Oxford/AstraZeneca, Pfizer/BioNTech",https://covidbaseau.com/,18052293,11391093,6661200,0
Australia,2021-08-26,"Moderna, Oxford/AstraZeneca, Pfizer/BioNTech",https://covidbaseau.com/,18358731,11550262,6808469,0
Australia,2021-08-27,"Moderna, Oxford/AstraZeneca, Pfizer/BioNTech",https://covidbaseau.com/,18674306,11724184,6950122,0
Australia,2021-08-28,"Moderna, Oxford/AstraZeneca, Pfizer/BioNTech",https://covidbaseau.com/,18894458,11850205,7044253,0
Australia,2021-08-29,"Moderna, Oxford/AstraZeneca, Pfizer/BioNTech",https://covidbaseau.com/,19052562,11956986,7095576,0
Australia,2021-08-30,"Moderna, Oxford/AstraZeneca, Pfizer/BioNTech",https://covidbaseau.com/,19329147,12106618,7222529,0
Australia,2021-08-31,"Moderna, Oxford/AstraZeneca, Pfizer/BioNTech",https://covidbaseau.com/,19663122,12293802,7369320,0
Australia,2021-09-01,"Moderna, Oxford/AstraZeneca, Pfizer/BioNTech",https://covidbaseau.com/,19992967,12480413,7512554,0
Australia,2021-09-02,"Moderna, Oxford/AstraZeneca, Pfizer/BioNTech",https://covidbaseau.com/,20293640,12640002,7653638,0
Australia,2021-09-03,"Moderna, Oxford/AstraZeneca, Pfizer/BioNTech",https://covidbaseau.com/,20605153,12811797,7793356,0
Australia,2021-09-04,"Moderna, Oxford/AstraZeneca, Pfizer/BioNTech",https://covidbaseau.com/,20818248,12938761,7879487,0
Australia,2021-09-05,"Moderna, Oxford/AstraZeneca, Pfizer/BioNTech",https://covidbaseau.com/,20948514,13023788,7924726,0
Australia,2021-09-06,"Moderna, Oxford/AstraZeneca, Pfizer/BioNTech",https://covidbaseau.com/,21206791,13160225,8046566,0
Australia,2021-09-07,"Moderna, Oxford/AstraZeneca, Pfizer/BioNTech",https://covidbaseau.com/,21500652,13313703,8186949,0
Australia,2021-09-08,"Moderna, Oxford/AstraZeneca, Pfizer/BioNTech",https://covidbaseau.com/,21811393,13480795,8330598,0
Australia,2021-09-09,"Moderna, Oxford/AstraZeneca, Pfizer/BioNTech",https://covidbaseau.com/,22129655,13646933,8482722,0
Australia,2021-09-10,"Moderna, Oxford/AstraZeneca, Pfizer/BioNTech",https://covidbaseau.com/,22432434,13800869,8631565,0
Australia,2021-09-11,"Moderna, Oxford/AstraZeneca, Pfizer/BioNTech",https://covidbaseau.com/,22627723,13907333,8720390,0
Australia,2021-09-12,"Moderna, Oxford/AstraZeneca, Pfizer/BioNTech",https://covidbaseau.com/,22760601,13986743,8773858,0
Australia,2021-09-13,"Moderna, Oxford/AstraZeneca, Pfizer/BioNTech",https://covidbaseau.com/,23100911,14179661,8921250,0
Australia,2021-09-14,"Moderna, Oxford/AstraZeneca, Pfizer/BioNTech",https://covidbaseau.com/,23402471,14336221,9066250,0
Australia,2021-09-15,"Moderna, Oxford/AstraZeneca, Pfizer/BioNTech",https://covidbaseau.com/,23707553,14491771,9215782,0
Australia,2021-09-16,"Moderna, Oxford/AstraZeneca, Pfizer/BioNTech",https://covidbaseau.com/,24009073,14648688,9360385,0
Australia,2021-09-17,"Moderna, Oxford/AstraZeneca, Pfizer/BioNTech",https://covidbaseau.com/,24346522,14816773,9529749,0
Australia,2021-09-18,"Moderna, Oxford/AstraZeneca, Pfizer/BioNTech",https://covidbaseau.com/,24572951,14939866,9633085,0
Australia,2021-09-19,"Moderna, Oxford/AstraZeneca, Pfizer/BioNTech",https://covidbaseau.com/,24745225,15044653,9700572,0
Australia,2021-09-20,"Moderna, Oxford/AstraZeneca, Pfizer/BioNTech",https://covidbaseau.com/,25065581,15211965,9853616,0
Australia,2021-09-21,"Moderna, Oxford/AstraZeneca, Pfizer/BioNTech",https://covidbaseau.com/,25396636,15377929,10018707,0
Australia,2021-09-22,"Moderna, Oxford/AstraZeneca, Pfizer/BioNTech",https://covidbaseau.com/,25733071,15549405,10183666,0
Australia,2021-09-23,"Moderna, Oxford/AstraZeneca, Pfizer/BioNTech",https://covidbaseau.com/,26080012,15724785,10355227,0
Australia,2021-09-24,"Moderna, Oxford/AstraZeneca, Pfizer/BioNTech",https://covidbaseau.com/,26390465,15867929,10522536,0
Australia,2021-09-25,"Moderna, Oxford/AstraZeneca, Pfizer/BioNTech",https://covidbaseau.com/,26609171,15974334,10634837,0
Australia,2021-09-26,"Moderna, Oxford/AstraZeneca, Pfizer/BioNTech",https://covidbaseau.com/,26754136,16050194,10703942,0
Australia,2021-09-27,"Moderna, Oxford/AstraZeneca, Pfizer/BioNTech",https://covidbaseau.com/,27056868,16194869,10861999,0
Australia,2021-09-28,"Moderna, Oxford/AstraZeneca, Pfizer/BioNTech",https://covidbaseau.com/,27387830,16348214,11039616,0
Australia,2021-09-29,"Moderna, Oxford/AstraZeneca, Pfizer/BioNTech",https://covidbaseau.com/,27695682,16493044,11202638,0
Australia,2021-09-30,"Moderna, Oxford/AstraZeneca, Pfizer/BioNTech",https://covidbaseau.com/,28035888,16649549,11386339,0
Australia,2021-10-01,"Moderna, Oxford/AstraZeneca, Pfizer/BioNTech",https://covidbaseau.com/,28361886,16790440,11571446,0
Australia,2021-10-02,"Moderna, Oxford/AstraZeneca, Pfizer/BioNTech",https://covidbaseau.com/,28572558,16882622,11689936,0
Australia,2021-10-03,"Moderna, Oxford/AstraZeneca, Pfizer/BioNTech",https://covidbaseau.com/,28710701,16943837,11766864,0
Australia,2021-10-04,"Moderna, Oxford/AstraZeneca, Pfizer/BioNTech",https://covidbaseau.com/,28895930,17027036,11868894,0
Australia,2021-10-05,"Moderna, Oxford/AstraZeneca, Pfizer/BioNTech",https://covidbaseau.com/,29245786,17160890,12084896,0
Australia,2021-10-06,"Moderna, Oxford/AstraZeneca, Pfizer/BioNTech",https://covidbaseau.com/,29581238,17287976,12293262,0
Australia,2021-10-07,"Moderna, Oxford/AstraZeneca, Pfizer/BioNTech",https://covidbaseau.com/,29911860,17408468,12503241,151
Australia,2021-10-08,"Moderna, Oxford/AstraZeneca, Pfizer/BioNTech",https://covidbaseau.com/,30242274,17521126,12720856,292
Australia,2021-10-09,"Moderna, Oxford/AstraZeneca, Pfizer/BioNTech",https://covidbaseau.com/,30477912,17593798,12883681,433
Australia,2021-10-10,"Moderna, Oxford/AstraZeneca, Pfizer/BioNTech",https://covidbaseau.com/,30643517,17644750,12998286,481
Australia,2021-10-11,"Moderna, Oxford/AstraZeneca, Pfizer/BioNTech",https://covidbaseau.com/,30955777,17742605,13212457,715
Australia,2021-10-12,"Moderna, Oxford/AstraZeneca, Pfizer/BioNTech",https://covidbaseau.com/,31292016,17844016,13446945,1055
Australia,2021-10-13,"Moderna, Oxford/AstraZeneca, Pfizer/BioNTech",https://covidbaseau.com/,31610475,17936776,13672371,1328
Australia,2021-10-14,"Moderna, Oxford/AstraZeneca, Pfizer/BioNTech",https://covidbaseau.com/,31923197,18030376,13891163,1658
Australia,2021-10-15,"Moderna, Oxford/AstraZeneca, Pfizer/BioNTech",https://covidbaseau.com/,32222172,18118501,14101561,2110
Australia,2021-10-16,"Moderna, Oxford/AstraZeneca, Pfizer/BioNTech",https://covidbaseau.com/,32418073,18170223,14245406,2444
Australia,2021-10-17,"Moderna, Oxford/AstraZeneca, Pfizer/BioNTech",https://covidbaseau.com/,32577130,18214049,14360419,2662
Australia,2021-10-18,"Moderna, Oxford/AstraZeneca, Pfizer/BioNTech",https://covidbaseau.com/,32854557,18292826,14558572,3159
Australia,2021-10-19,"Moderna, Oxford/AstraZeneca, Pfizer/BioNTech",https://covidbaseau.com/,33129907,18373112,14753069,3726
Australia,2021-10-20,"Moderna, Oxford/AstraZeneca, Pfizer/BioNTech",https://covidbaseau.com/,33404278,18452962,14946699,4617
Australia,2021-10-21,"Moderna, Oxford/AstraZeneca, Pfizer/BioNTech",https://covidbaseau.com/,33681381,18531078,15144905,5398
Australia,2021-10-22,"Moderna, Oxford/AstraZeneca, Pfizer/BioNTech",https://covidbaseau.com/,33951546,18603298,15342065,6183
Australia,2021-10-23,"Moderna, Oxford/AstraZeneca, Pfizer/BioNTech",https://covidbaseau.com/,34143402,18652593,15484232,6577
Australia,2021-10-24,"Moderna, Oxford/AstraZeneca, Pfizer/BioNTech",https://covidbaseau.com/,34268948,18692857,15569263,6828
Australia,2021-10-25,"Moderna, Oxford/AstraZeneca, Pfizer/BioNTech",https://covidbaseau.com/,34501374,18760049,15733744,7581
Australia,2021-10-26,"Moderna, Oxford/AstraZeneca, Pfizer/BioNTech",https://covidbaseau.com/,34725685,18823795,15893583,8307
Australia,2021-10-27,"Moderna, Oxford/AstraZeneca, Pfizer/BioNTech",https://covidbaseau.com/,34943366,18883733,16050115,9518
Australia,2021-10-28,"Moderna, Oxford/AstraZeneca, Pfizer/BioNTech",https://covidbaseau.com/,35166827,18944029,16212257,10541
Australia,2021-10-29,"Moderna, Oxford/AstraZeneca, Pfizer/BioNTech",https://covidbaseau.com/,35373820,18996212,16363567,14041
Australia,2021-10-30,"Moderna, Oxford/AstraZeneca, Pfizer/BioNTech",https://covidbaseau.com/,35515862,19029312,16469355,17195
Australia,2021-10-31,"Moderna, Oxford/AstraZeneca, Pfizer/BioNTech",https://covidbaseau.com/,35603091,19052562,16529442,21087
Australia,2021-11-01,"Moderna, Oxford/AstraZeneca, Pfizer/BioNTech",https://covidbaseau.com/,35825241,19100734,16678894,45613
Australia,2021-11-02,"Moderna, Oxford/AstraZeneca, Pfizer/BioNTech",https://covidbaseau.com/,35989833,19138869,16777488,73476
Australia,2021-11-03,"Moderna, Oxford/AstraZeneca, Pfizer/BioNTech",https://covidbaseau.com/,36184662,19177383,16907279,100000
Australia,2021-11-04,"Moderna, Oxford/AstraZeneca, Pfizer/BioNTech",https://covidbaseau.com/,36379077,19218733,17033089,127255
Australia,2021-11-05,"Moderna, Oxford/AstraZeneca, Pfizer/BioNTech",https://covidbaseau.com/,36576108,19261941,17164167,150000
Australia,2021-11-06,"Moderna, Oxford/AstraZeneca, Pfizer/BioNTech",https://covidbaseau.com/,36697075,19286079,17237996,173000
Australia,2021-11-07,"Moderna, Oxford/AstraZeneca, Pfizer/BioNTech",https://covidbaseau.com/,36763501,19303290,17283428,176783
Australia,2021-11-08,"Moderna, Oxford/AstraZeneca, Pfizer/BioNTech",https://covidbaseau.com/,36918760,19338366,17389176,191218
Australia,2021-11-09,"Moderna, Oxford/AstraZeneca, Pfizer/BioNTech",https://covidbaseau.com/,37068049,19373942,17487181,206926
Australia,2021-11-10,"Moderna, Oxford/AstraZeneca, Pfizer/BioNTech",https://covidbaseau.com/,37222034,19417387,17582957,221690
Australia,2021-11-11,"Moderna, Oxford/AstraZeneca, Pfizer/BioNTech",https://covidbaseau.com/,37383955,19466357,17680831,236767
Australia,2021-11-12,"Moderna, Oxford/AstraZeneca, Pfizer/BioNTech",https://covidbaseau.com/,37544059,19514381,17778385,251293
Australia,2021-11-13,"Moderna, Oxford/AstraZeneca, Pfizer/BioNTech",https://covidbaseau.com/,37634423,19541933,17835028,257462
Australia,2021-11-14,"Moderna, Oxford/AstraZeneca, Pfizer/BioNTech",https://covidbaseau.com/,37695740,19563025,17872077,260638
Australia,2021-11-15,"Moderna, Oxford/AstraZeneca, Pfizer/BioNTech",https://covidbaseau.com/,37835866,19605792,17958614,271460
Australia,2021-11-16,"Moderna, Oxford/AstraZeneca, Pfizer/BioNTech",https://covidbaseau.com/,37972232,19646353,18041042,284837
Australia,2021-11-17,"Moderna, Oxford/AstraZeneca, Pfizer/BioNTech",https://covidbaseau.com/,38100630,19684790,18116999,298841
Australia,2021-11-18,"Moderna, Oxford/AstraZeneca, Pfizer/BioNTech",https://covidbaseau.com/,38228443,19723676,18192428,312339
Australia,2021-11-19,"Moderna, Oxford/AstraZeneca, Pfizer/BioNTech",https://covidbaseau.com/,38348764,19758303,18266176,324285
Australia,2021-11-20,"Moderna, Oxford/AstraZeneca, Pfizer/BioNTech",https://covidbaseau.com/,38420798,19779653,18309411,331734
Australia,2021-11-21,"Moderna, Oxford/AstraZeneca, Pfizer/BioNTech",https://covidbaseau.com/,38444149,19787505,18323181,333463
Australia,2021-11-22,"Moderna, Oxford/AstraZeneca, Pfizer/BioNTech",https://covidbaseau.com/,38586639,19829190,18410862,346587
Australia,2021-11-23,"Moderna, Oxford/AstraZeneca, Pfizer/BioNTech",https://covidbaseau.com/,38695296,19861082,18472524,361690
Australia,2021-11-24,"Moderna, Oxford/AstraZeneca, Pfizer/BioNTech",https://covidbaseau.com/,38801068,19892336,18533097,375635
Australia,2021-11-25,"Moderna, Oxford/AstraZeneca, Pfizer/BioNTech",https://covidbaseau.com/,38906974,19922295,18594054,390625
Australia,2021-11-26,"Moderna, Oxford/AstraZeneca, Pfizer/BioNTech",https://covidbaseau.com/,39011295,19950573,18655024,405698
Australia,2021-11-27,"Moderna, Oxford/AstraZeneca, Pfizer/BioNTech",https://covidbaseau.com/,39062854,19965449,18685541,411864
Australia,2021-11-28,"Moderna, Oxford/AstraZeneca, Pfizer/BioNTech",https://covidbaseau.com/,39095588,19975729,18704697,415162
Australia,2021-11-29,"Moderna, Oxford/AstraZeneca, Pfizer/BioNTech",https://covidbaseau.com/,39190803,20001144,18759075,430584
Australia,2021-11-30,"Moderna, Oxford/AstraZeneca, Pfizer/BioNTech",https://covidbaseau.com/,39282954,20025197,18808812,448945
Australia,2021-12-01,"Moderna, Oxford/AstraZeneca, Pfizer/BioNTech",https://covidbaseau.com/,39375629,20047381,18858248,470000
Australia,2021-12-02,"Moderna, Oxford/AstraZeneca, Pfizer/BioNTech",https://covidbaseau.com/,39474565,20068712,18910601,495252
Australia,2021-12-03,"Moderna, Oxford/AstraZeneca, Pfizer/BioNTech",https://covidbaseau.com/,39572839,20088965,18962130,521744
Australia,2021-12-04,"Moderna, Oxford/AstraZeneca, Pfizer/BioNTech",https://covidbaseau.com/,39621796,20099492,18990458,531846
Australia,2021-12-05,"Moderna, Oxford/AstraZeneca, Pfizer/BioNTech",https://covidbaseau.com/,39652404,20106757,19008755,536892
Australia,2021-12-06,"Moderna, Oxford/AstraZeneca, Pfizer/BioNTech",https://covidbaseau.com/,39739219,20124711,19055462,559046
Australia,2021-12-07,"Moderna, Oxford/AstraZeneca, Pfizer/BioNTech",https://covidbaseau.com/,39827552,20142711,19101361,583480
Australia,2021-12-08,"Moderna, Oxford/AstraZeneca, Pfizer/BioNTech",https://covidbaseau.com/,39922685,20161524,19149409,611752
Australia,2021-12-09,"Moderna, Oxford/AstraZeneca, Pfizer/BioNTech",https://covidbaseau.com/,40019239,20180465,19196983,641791
Australia,2021-12-10,"Moderna, Oxford/AstraZeneca, Pfizer/BioNTech",https://covidbaseau.com/,40105497,20196129,19238301,671067
Australia,2021-12-11,"Moderna, Oxford/AstraZeneca, Pfizer/BioNTech",https://covidbaseau.com/,40154757,20205275,19262415,687067
Australia,2021-12-12,"Moderna, Oxford/AstraZeneca, Pfizer/BioNTech",https://covidbaseau.com/,40177641,20208813,19271471,697357
Australia,2021-12-13,"Moderna, Oxford/AstraZeneca, Pfizer/BioNTech",https://covidbaseau.com/,40331164,20230376,19329106,771682
Australia,2021-12-14,"Moderna, Oxford/AstraZeneca, Pfizer/BioNTech",https://covidbaseau.com/,40492691,20249293,19375276,868122
Australia,2021-12-15,"Moderna, Oxford/AstraZeneca, Pfizer/BioNTech",https://covidbaseau.com/,40675738,20268871,19421269,985598
Australia,2021-12-16,"Moderna, Oxford/AstraZeneca, Pfizer/BioNTech",https://covidbaseau.com/,40874143,20289049,19468074,1117020
Australia,2021-12-17,"Moderna, Oxford/AstraZeneca, Pfizer/BioNTech",https://covidbaseau.com/,41082774,20309711,19515162,1257901
Australia,2021-12-18,"Moderna, Oxford/AstraZeneca, Pfizer/BioNTech",https://covidbaseau.com/,41187932,20320601,19538547,1328784
Australia,2021-12-19,"Moderna, Oxford/AstraZeneca, Pfizer/BioNTech",https://covidbaseau.com/,41251388,20328607,19553057,1369724
Australia,2021-12-20,"Moderna, Oxford/AstraZeneca, Pfizer/BioNTech",https://covidbaseau.com/,41445662,20346169,19587839,1511654
Australia,2021-12-21,"Moderna, Oxford/AstraZeneca, Pfizer/BioNTech",https://covidbaseau.com/,41652458,20363806,19620308,1668344
Australia,2021-12-22,"Moderna, Oxford/AstraZeneca, Pfizer/BioNTech",https://covidbaseau.com/,41867748,20380970,19651146,1835632
Australia,2021-12-23,"Moderna, Oxford/AstraZeneca, Pfizer/BioNTech",https://covidbaseau.com/,42060100,20397079,19678606,1984415
Australia,2021-12-26,"Moderna, Oxford/AstraZeneca, Pfizer/BioNTech",https://covidbaseau.com/,42203960,20410720,19699622,2093618
Australia,2021-12-27,"Moderna, Oxford/AstraZeneca, Pfizer/BioNTech",https://covidbaseau.com/,42235002,20413876,19704056,2117070
Australia,2021-12-28,"Moderna, Oxford/AstraZeneca, Pfizer/BioNTech",https://covidbaseau.com/,42272089,20417817,19709450,2144822
Australia,2021-12-29,"Moderna, Oxford/AstraZeneca, Pfizer/BioNTech",https://covidbaseau.com/,42420659,20430343,19733014,2257302
Australia,2021-12-30,"Moderna, Oxford/AstraZeneca, Pfizer/BioNTech",https://covidbaseau.com/,42580539,20444346,19755837,2380356
Australia,2022-01-02,"Moderna, Oxford/AstraZeneca, Pfizer/BioNTech",https://covidbaseau.com/,42768270,20460234,19778026,2530010
Australia,2022-01-03,"Moderna, Oxford/AstraZeneca, Pfizer/BioNTech",https://covidbaseau.com/,42812691,20463839,19782523,2566329
Australia,2022-01-04,"Moderna, Oxford/AstraZeneca, Pfizer/BioNTech",https://covidbaseau.com/,43024593,20475452,19806589,2742552
Australia,2022-01-05,"Moderna, Oxford/AstraZeneca, Pfizer/BioNTech",https://covidbaseau.com/,43286155,20488662,19832376,2965117
Australia,2022-01-06,"Moderna, Oxford/AstraZeneca, Pfizer/BioNTech",https://covidbaseau.com/,43558448,20503096,19857649,3197703
Australia,2022-01-07,"Moderna, Oxford/AstraZeneca, Pfizer/BioNTech",https://covidbaseau.com/,43823668,20516623,19882365,3424680
Australia,2022-01-08,"Moderna, Oxford/AstraZeneca, Pfizer/BioNTech",https://covidbaseau.com/,43987111,20524868,19896355,3565888
Australia,2022-01-09,"Moderna, Oxford/AstraZeneca, Pfizer/BioNTech",https://covidbaseau.com/,44086608,20529932,19904821,3651855
Australia,2022-01-10,"Moderna, Oxford/AstraZeneca, Pfizer/BioNTech",https://covidbaseau.com/,44374463,20578901,19928352,3867210
Australia,2022-01-11,"Moderna, Oxford/AstraZeneca, Pfizer/BioNTech",https://covidbaseau.com/,44700720,20644440,19946441,4109839
Australia,2022-01-12,"Moderna, Oxford/AstraZeneca, Pfizer/BioNTech",https://covidbaseau.com/,45045755,20714403,19967401,4363951
Australia,2022-01-13,"Moderna, Oxford/AstraZeneca, Pfizer/BioNTech",https://covidbaseau.com/,45391353,20784959,19987928,4618466
Australia,2022-01-14,"Moderna, Oxford/AstraZeneca, Pfizer/BioNTech",https://covidbaseau.com/,45729166,20857930,20006998,4864238
Australia,2022-01-15,"Moderna, Oxford/AstraZeneca, Pfizer/BioNTech",https://covidbaseau.com/,45919637,20905692,20015852,4998093
Australia,2022-01-16,"Moderna, Oxford/AstraZeneca, Pfizer/BioNTech",https://covidbaseau.com/,46034466,20938457,20020735,5075274
Australia,2022-01-17,"Moderna, Oxford/AstraZeneca, Pfizer/BioNTech",https://covidbaseau.com/,46361913,21009044,20036097,5316772
Australia,2022-01-18,"Moderna, Oxford/AstraZeneca, Pfizer/BioNTech",https://covidbaseau.com/,46682438,21078643,20050685,5553110
Australia,2022-01-19,"Moderna, Oxford/AstraZeneca, Pfizer/BioNTech",https://covidbaseau.com/,47013624,21148938,20066316,5798370
Australia,2022-01-20,"Moderna, Oxford/AstraZeneca, Pfizer/BioNTech",https://covidbaseau.com/,47364850,21218556,20083160,6063134
Australia,2022-01-21,"Moderna, Oxford/AstraZeneca, Pfizer/BioNTech",https://covidbaseau.com/,47698880,21284622,20098787,6315471
Australia,2022-01-22,"Moderna, Oxford/AstraZeneca, Pfizer/BioNTech",https://covidbaseau.com/,47889638,21324245,20106005,6459388
Australia,2022-01-23,"Moderna, Oxford/AstraZeneca, Pfizer/BioNTech",https://covidbaseau.com/,48010195,21352957,20110855,6546383
Australia,2022-01-24,"Moderna, Oxford/AstraZeneca, Pfizer/BioNTech",https://covidbaseau.com/,48330551,21414046,20123268,6793237
Australia,2022-01-25,"Moderna, Oxford/AstraZeneca, Pfizer/BioNTech",https://covidbaseau.com/,48651936,21472820,20137891,7041225
Australia,2022-01-26,"Moderna, Oxford/AstraZeneca, Pfizer/BioNTech",https://covidbaseau.com/,48734111,21490441,20142694,7100976
Australia,2022-01-27,"Moderna, Oxford/AstraZeneca, Pfizer/BioNTech",https://covidbaseau.com/,49037474,21543461,20160170,7333843
Australia,2022-01-28,"Moderna, Oxford/AstraZeneca, Pfizer/BioNTech",https://covidbaseau.com/,49343894,21596983,20178059,7568852
Australia,2022-01-29,"Moderna, Oxford/AstraZeneca, Pfizer/BioNTech",https://covidbaseau.com/,49516636,21629171,20188421,7699044
Australia,2022-01-30,"Moderna, Oxford/AstraZeneca, Pfizer/BioNTech",https://covidbaseau.com/,49607239,21647934,20194741,7764564
Australia,2022-01-31,"Moderna, Oxford/AstraZeneca, Pfizer/BioNTech",https://covidbaseau.com/,49866290,21683520,20211402,7971368
Australia,2022-02-01,"Moderna, Oxford/AstraZeneca, Pfizer/BioNTech",https://covidbaseau.com/,50132340,21712260,20228401,8191679
Australia,2022-02-02,"Moderna, Oxford/AstraZeneca, Pfizer/BioNTech",https://covidbaseau.com/,50400541,21738444,20243421,8418676
Australia,2022-02-03,"Moderna, Oxford/AstraZeneca, Pfizer/BioNTech",https://covidbaseau.com/,50653287,21763718,20258283,8631286
Australia,2022-02-04,"Moderna, Oxford/AstraZeneca, Pfizer/BioNTech",https://covidbaseau.com/,50900072,21787774,20273781,8838517
Australia,2022-02-05,"Moderna, Oxford/AstraZeneca, Pfizer/BioNTech",https://covidbaseau.com/,51027861,21803823,20282518,8941520
Australia,2022-02-06,"Moderna, Oxford/AstraZeneca, Pfizer/BioNTech",https://covidbaseau.com/,51098236,21813079,20287496,8997661
Australia,2022-02-07,"Moderna, Oxford/AstraZeneca, Pfizer/BioNTech",https://covidbaseau.com/,51313905,21831166,20300210,9182529
Australia,2022-02-08,"Moderna, Oxford/AstraZeneca, Pfizer/BioNTech",https://covidbaseau.com/,51533463,21849002,20313139,9371322
Australia,2022-02-09,"Moderna, Oxford/AstraZeneca, Pfizer/BioNTech",https://covidbaseau.com/,51747277,21865954,20326872,9554451
Australia,2022-02-10,"Moderna, Oxford/AstraZeneca, Pfizer/BioNTech",https://covidbaseau.com/,51948284,21880794,20339977,9727513
Australia,2022-02-11,"Moderna, Oxford/AstraZeneca, Pfizer/BioNTech",https://covidbaseau.com/,52150693,21895835,20353147,9901711
Australia,2022-02-12,"Moderna, Oxford/AstraZeneca, Pfizer/BioNTech",https://covidbaseau.com/,52258992,21906946,20360127,9991919
Australia,2022-02-13,"Moderna, Oxford/AstraZeneca, Pfizer/BioNTech",https://covidbaseau.com/,52308370,21911397,20363428,10033545
Australia,2022-02-14,"Moderna, Oxford/AstraZeneca, Pfizer/BioNTech",https://covidbaseau.com/,52474947,21922677,20374213,10178057
Australia,2022-02-15,"Moderna, Oxford/AstraZeneca, Pfizer/BioNTech",https://covidbaseau.com/,52635184,21933086,20384601,10317497
Australia,2022-02-16,"Moderna, Oxford/AstraZeneca, Pfizer/BioNTech",https://covidbaseau.com/,52791256,21943571,20393712,10453973
Australia,2022-02-17,"Moderna, Novavax, Oxford/AstraZeneca, Pfizer/BioNTech",https://covidbaseau.com/,52941505,21954313,20403693,10583499
Australia,2022-02-18,"Moderna, Novavax, Oxford/AstraZeneca, Pfizer/BioNTech",https://covidbaseau.com/,53096563,21967182,20414450,10714931
Australia,2022-02-19,"Moderna, Novavax, Oxford/AstraZeneca, Pfizer/BioNTech",https://covidbaseau.com/,53183572,21976357,20420498,10786717
Australia,2022-02-20,"Moderna, Novavax, Oxford/AstraZeneca, Pfizer/BioNTech",https://covidbaseau.com/,53224792,21980295,20423361,10821136
Australia,2022-02-21,"Moderna, Novavax, Oxford/AstraZeneca, Pfizer/BioNTech",https://covidbaseau.com/,53365398,21992267,20433044,10940087
Australia,2022-02-22,"Moderna, Novavax, Oxford/AstraZeneca, Pfizer/BioNTech",https://covidbaseau.com/,53497461,22004154,20441976,11051331
Australia,2022-02-23,"Moderna, Novavax, Oxford/AstraZeneca, Pfizer/BioNTech",https://covidbaseau.com/,53621446,22015487,20450588,11155371
Australia,2022-02-24,"Moderna, Novavax, Oxford/AstraZeneca, Pfizer/BioNTech",https://covidbaseau.com/,53744582,22026289,20459281,11259012
Australia,2022-02-25,"Moderna, Novavax, Oxford/AstraZeneca, Pfizer/BioNTech",https://covidbaseau.com/,53866202,22036909,20468250,11361043
Australia,2022-02-26,"Moderna, Novavax, Oxford/AstraZeneca, Pfizer/BioNTech",https://covidbaseau.com/,53932803,22044111,20473343,11415349
Australia,2022-02-27,"Moderna, Novavax, Oxford/AstraZeneca, Pfizer/BioNTech",https://covidbaseau.com/,53963467,22047151,20475638,11440678
Australia,2022-02-28,"Moderna, Novavax, Oxford/AstraZeneca, Pfizer/BioNTech",https://covidbaseau.com/,54065507,22055898,20483240,11526369
Australia,2022-03-01,"Moderna, Novavax, Oxford/AstraZeneca, Pfizer/BioNTech",https://covidbaseau.com/,54155508,22063566,20490408,11601534
Australia,2022-03-02,"Moderna, Novavax, Oxford/AstraZeneca, Pfizer/BioNTech",https://covidbaseau.com/,54241892,22070693,20497591,11673608
Australia,2022-03-03,"Moderna, Novavax, Oxford/AstraZeneca, Pfizer/BioNTech",https://covidbaseau.com/,54327853,22078148,20505135,11744570
Australia,2022-03-04,"Moderna, Novavax, Oxford/AstraZeneca, Pfizer/BioNTech",https://covidbaseau.com/,54418534,22085942,20513850,11818742
Australia,2022-03-05,"Moderna, Novavax, Oxford/AstraZeneca, Pfizer/BioNTech",https://covidbaseau.com/,54469705,22091094,20520964,11857647
Australia,2022-03-06,"Moderna, Novavax, Oxford/AstraZeneca, Pfizer/BioNTech",https://covidbaseau.com/,54492395,22093332,20524493,11874570
Australia,2022-03-07,"Moderna, Novavax, Oxford/AstraZeneca, Pfizer/BioNTech",https://covidbaseau.com/,54570032,22098997,20543714,11927321
Australia,2022-03-08,"Moderna, Novavax, Oxford/AstraZeneca, Pfizer/BioNTech",https://covidbaseau.com/,54659334,22105692,20568346,11985296
Australia,2022-03-09,"Moderna, Novavax, Oxford/AstraZeneca, Pfizer/BioNTech",https://covidbaseau.com/,54749553,22111780,20596172,12041601
Australia,2022-03-10,"Moderna, Novavax, Oxford/AstraZeneca, Pfizer/BioNTech",https://covidbaseau.com/,54842227,22117596,20626131,12098500
Australia,2022-03-11,"Moderna, Novavax, Oxford/AstraZeneca, Pfizer/BioNTech",https://covidbaseau.com/,54948620,22124182,20661863,12162575
Australia,2022-03-12,"Moderna, Novavax, Oxford/AstraZeneca, Pfizer/BioNTech",https://covidbaseau.com/,55020466,22128293,20696352,12195821
Australia,2022-03-13,"Moderna, Novavax, Oxford/AstraZeneca, Pfizer/BioNTech",https://covidbaseau.com/,55054842,22130630,20714246,12209966
Australia,2022-03-14,"Moderna, Novavax, Oxford/AstraZeneca, Pfizer/BioNTech",https://covidbaseau.com/,55128376,22135420,20743572,12249384
Australia,2022-03-15,"Moderna, Novavax, Oxford/AstraZeneca, Pfizer/BioNTech",https://covidbaseau.com/,55224388,22141043,20780753,12302592
Australia,2022-03-16,"Moderna, Novavax, Oxford/AstraZeneca, Pfizer/BioNTech",https://covidbaseau.com/,55316946,22146677,20817597,12352672
Australia,2022-03-17,"Moderna, Novavax, Oxford/AstraZeneca, Pfizer/BioNTech",https://covidbaseau.com/,55408135,22152482,20852962,12402691
Australia,2022-03-18,"Moderna, Novavax, Oxford/AstraZeneca, Pfizer/BioNTech",https://covidbaseau.com/,55507339,22158259,20893155,12455925
Australia,2022-03-19,"Moderna, Novavax, Oxford/AstraZeneca, Pfizer/BioNTech",https://covidbaseau.com/,55577748,22162034,20931268,12484446
Australia,2022-03-20,"Moderna, Novavax, Oxford/AstraZeneca, Pfizer/BioNTech",https://covidbaseau.com/,55613993,22163996,20952845,12497152
Australia,2022-03-21,"Moderna, Novavax, Oxford/AstraZeneca, Pfizer/BioNTech",https://covidbaseau.com/,55700491,22169145,20988310,12543036
Australia,2022-03-22,"Moderna, Novavax, Oxford/AstraZeneca, Pfizer/BioNTech",https://covidbaseau.com/,55783094,22174087,21020180,12588827
Australia,2022-03-23,"Moderna, Novavax, Oxford/AstraZeneca, Pfizer/BioNTech",https://covidbaseau.com/,55854308,22178419,21043844,12632045
Australia,2022-03-24,"Moderna, Novavax, Oxford/AstraZeneca, Pfizer/BioNTech",https://covidbaseau.com/,55932910,22183299,21072503,12677108
Australia,2022-03-25,"Moderna, Novavax, Oxford/AstraZeneca, Pfizer/BioNTech",https://covidbaseau.com/,56017618,22188155,21104880,12724583
Australia,2022-03-26,"Moderna, Novavax, Oxford/AstraZeneca, Pfizer/BioNTech",https://covidbaseau.com/,56077605,22191506,21136762,12749337
Australia,2022-03-27,"Moderna, Novavax, Oxford/AstraZeneca, Pfizer/BioNTech",https://covidbaseau.com/,56107787,22193476,21153372,12760939
Australia,2022-03-28,"Moderna, Novavax, Oxford/AstraZeneca, Pfizer/BioNTech",https://covidbaseau.com/,56179315,22198092,21179377,12801846
Australia,2022-03-29,"Moderna, Novavax, Oxford/AstraZeneca, Pfizer/BioNTech",https://covidbaseau.com/,56242913,22202366,21200432,12840115
Australia,2022-03-30,"Moderna, Novavax, Oxford/AstraZeneca, Pfizer/BioNTech",https://covidbaseau.com/,56303174,22206384,21219755,12877035
Australia,2022-03-31,"Moderna, Novavax, Oxford/AstraZeneca, Pfizer/BioNTech",https://covidbaseau.com/,56362692,22210293,21240452,12911947
Australia,2022-04-01,"Moderna, Novavax, Oxford/AstraZeneca, Pfizer/BioNTech",https://covidbaseau.com/,56421957,22214445,21260487,12947025
Australia,2022-04-02,"Moderna, Novavax, Oxford/AstraZeneca, Pfizer/BioNTech",https://covidbaseau.com/,56461823,22217203,21280501,12964119
Australia,2022-04-03,"Moderna, Novavax, Oxford/AstraZeneca, Pfizer/BioNTech",https://covidbaseau.com/,56481559,22218298,21291087,12972174
Australia,2022-04-04,"Moderna, Novavax, Oxford/AstraZeneca, Pfizer/BioNTech",https://covidbaseau.com/,56532490,22222194,21307694,13002602
Australia,2022-04-05,"Moderna, Novavax, Oxford/AstraZeneca, Pfizer/BioNTech",https://covidbaseau.com/,56579444,22225434,21322046,13031964
Australia,2022-04-06,"Moderna, Novavax, Oxford/AstraZeneca, Pfizer/BioNTech",https://covidbaseau.com/,56624383,22228650,21335439,13060294
Australia,2022-04-07,"Moderna, Novavax, Oxford/AstraZeneca, Pfizer/BioNTech",https://covidbaseau.com/,56668400,22231734,21348489,13088177
Australia,2022-04-08,"Moderna, Novavax, Oxford/AstraZeneca, Pfizer/BioNTech",https://covidbaseau.com/,56715194,,21363417,13116627
Australia,2022-04-09,"Moderna, Novavax, Oxford/AstraZeneca, Pfizer/BioNTech",https://covidbaseau.com/,56738523,,21372943,13128699
Australia,2022-04-10,"Moderna, Novavax, Oxford/AstraZeneca, Pfizer/BioNTech",https://covidbaseau.com/,56902635,,21378262,13286513
Australia,2022-04-11,"Moderna, Novavax, Oxford/AstraZeneca, Pfizer/BioNTech",https://covidbaseau.com/,56956090,,21396664,13317459
Australia,2022-04-12,"Moderna, Novavax, Oxford/AstraZeneca, Pfizer/BioNTech",https://covidbaseau.com/,56999362,,21410025,13343842
Australia,2022-04-13,"Moderna, Novavax, Oxford/AstraZeneca, Pfizer/BioNTech",https://covidbaseau.com/,57038091,,21422263,13367049
Australia,2022-04-14,"Moderna, Novavax, Oxford/AstraZeneca, Pfizer/BioNTech",https://covidbaseau.com/,57077786,,21434290,13391428
Australia,2022-04-15,"Moderna, Novavax, Oxford/AstraZeneca, Pfizer/BioNTech",https://covidbaseau.com/,57081480,,21435569,13393506
Australia,2022-04-16,"Moderna, Novavax, Oxford/AstraZeneca, Pfizer/BioNTech",https://covidbaseau.com/,57090843,,21438984,13398681
Australia,2022-04-17,"Moderna, Novavax, Oxford/AstraZeneca, Pfizer/BioNTech",https://covidbaseau.com/,57155581,,21439688,13462452
Australia,2022-04-18,"Moderna, Novavax, Oxford/AstraZeneca, Pfizer/BioNTech",https://covidbaseau.com/,57162085,,21441137,13467133
Australia,2022-04-19,"Moderna, Novavax, Oxford/AstraZeneca, Pfizer/BioNTech",https://covidbaseau.com/,57197856,,21452092,13488405
Australia,2022-04-20,"Moderna, Novavax, Oxford/AstraZeneca, Pfizer/BioNTech",https://covidbaseau.com/,57231365,,21462052,13508982
Australia,2022-04-21,"Moderna, Novavax, Oxford/AstraZeneca, Pfizer/BioNTech",https://covidbaseau.com/,57264495,,21471656,13529513
Australia,2022-04-22,"Moderna, Novavax, Oxford/AstraZeneca, Pfizer/BioNTech",https://covidbaseau.com/,57298477,,21482424,13549792
Australia,2022-04-23,"Moderna, Novavax, Oxford/AstraZeneca, Pfizer/BioNTech",https://covidbaseau.com/,57317327,,21490232,13559379
Australia,2022-04-24,"Moderna, Novavax, Oxford/AstraZeneca, Pfizer/BioNTech",https://covidbaseau.com/,57457036,,21493460,13694925
Australia,2022-04-25,"Moderna, Novavax, Oxford/AstraZeneca, Pfizer/BioNTech",https://covidbaseau.com/,57460079,,21494357,13696802
Australia,2022-04-26,"Moderna, Novavax, Oxford/AstraZeneca, Pfizer/BioNTech",https://covidbaseau.com/,57487919,,21502153,13714345
Australia,2022-04-27,"Moderna, Novavax, Oxford/AstraZeneca, Pfizer/BioNTech",https://covidbaseau.com/,57512161,,21508496,13730241
Australia,2022-04-28,"Moderna, Novavax, Oxford/AstraZeneca, Pfizer/BioNTech",https://covidbaseau.com/,57536051,,21514550,13746068
Australia,2022-04-29,"Moderna, Novavax, Oxford/AstraZeneca, Pfizer/BioNTech",https://covidbaseau.com/,57561209,,21521419,13762209
Australia,2022-04-30,"Moderna, Novavax, Oxford/AstraZeneca, Pfizer/BioNTech",https://covidbaseau.com/,57575626,,21527099,13769753
Australia,2022-05-01,"Moderna, Novavax, Oxford/AstraZeneca, Pfizer/BioNTech",https://covidbaseau.com/,57735950,,21528799,13927876
Australia,2022-05-02,"Moderna, Novavax, Oxford/AstraZeneca, Pfizer/BioNTech",https://covidbaseau.com/,57753579,,21533340,13939476
Australia,2022-05-03,"Moderna, Novavax, Oxford/AstraZeneca, Pfizer/BioNTech",https://covidbaseau.com/,57773120,,21537560,13953035
Australia,2022-05-04,"Moderna, Novavax, Oxford/AstraZeneca, Pfizer/BioNTech",https://covidbaseau.com/,57792004,,21541667,13966068
Australia,2022-05-05,"Moderna, Novavax, Oxford/AstraZeneca, Pfizer/BioNTech",https://covidbaseau.com/,57811614,,21545790,13979721
Australia,2022-05-06,"Moderna, Novavax, Oxford/AstraZeneca, Pfizer/BioNTech",https://covidbaseau.com/,57831047,,21550385,13992829
Australia,2022-05-07,"Moderna, Novavax, Oxford/AstraZeneca, Pfizer/BioNTech",https://covidbaseau.com/,57840803,,21553633,13998418
Australia,2022-05-08,"Moderna, Novavax, Oxford/AstraZeneca, Pfizer/BioNTech",https://covidbaseau.com/,58050262,,21554537,14206545
Australia,2022-05-09,"Moderna, Novavax, Oxford/AstraZeneca, Pfizer/BioNTech",https://covidbaseau.com/,58067475,,21557891,14218708
Australia,2022-05-10,"Moderna, Novavax, Oxford/AstraZeneca, Pfizer/BioNTech",https://covidbaseau.com/,58084460,,21561125,14230973
Australia,2022-05-11,"Moderna, Novavax, Oxford/AstraZeneca, Pfizer/BioNTech",https://covidbaseau.com/,58101143,,21564370,14242894
Australia,2022-05-12,"Moderna, Novavax, Oxford/AstraZeneca, Pfizer/BioNTech",https://covidbaseau.com/,58118259,,21567673,14255070
Australia,2022-05-13,"Moderna, Novavax, Oxford/AstraZeneca, Pfizer/BioNTech",https://covidbaseau.com/,58135809,,21571384,14267114
Australia,2022-05-14,"Moderna, Novavax, Oxford/AstraZeneca, Pfizer/BioNTech",https://covidbaseau.com/,58141095,,21571384,14272400
Australia,2022-05-15,"Moderna, Novavax, Oxford/AstraZeneca, Pfizer/BioNTech",https://covidbaseau.com/,58400788,,21575026,14527073
Australia,2022-05-16,"Moderna, Novavax, Oxford/AstraZeneca, Pfizer/BioNTech",https://covidbaseau.com/,58416891,,21577946,14538424
Australia,2022-05-17,"Moderna, Novavax, Oxford/AstraZeneca, Pfizer/BioNTech",https://covidbaseau.com/,58432049,,21580707,14549314
Australia,2022-05-18,"Moderna, Novavax, Oxford/AstraZeneca, Pfizer/BioNTech",https://covidbaseau.com/,58447879,,21583607,14560707
Australia,2022-05-19,"Moderna, Novavax, Oxford/AstraZeneca, Pfizer/BioNTech",https://covidbaseau.com/,58463990,,21586740,14571977
Australia,2022-05-20,"Moderna, Novavax, Oxford/AstraZeneca, Pfizer/BioNTech",https://covidbaseau.com/,58480010,,21590037,14583020
Australia,2022-05-21,"Moderna, Novavax, Oxford/AstraZeneca, Pfizer/BioNTech",https://covidbaseau.com/,58487969,,21592267,14587855
Australia,2022-05-22,"Moderna, Novavax, Oxford/AstraZeneca, Pfizer/BioNTech",https://covidbaseau.com/,58756853,,21593262,14855317
Australia,2022-05-23,"Moderna, Novavax, Oxford/AstraZeneca, Pfizer/BioNTech",https://covidbaseau.com/,58812010,,21595792,14906501
Australia,2022-05-24,"Moderna, Novavax, Oxford/AstraZeneca, Pfizer/BioNTech",https://covidbaseau.com/,58874211,,21598349,14964679
Australia,2022-05-25,"Moderna, Novavax, Oxford/AstraZeneca, Pfizer/BioNTech",https://covidbaseau.com/,58936138,,21600827,15022669
Australia,2022-05-26,"Moderna, Novavax, Oxford/AstraZeneca, Pfizer/BioNTech",https://covidbaseau.com/,58999547,,21603360,15082078
Australia,2022-05-27,"Moderna, Novavax, Oxford/AstraZeneca, Pfizer/BioNTech",https://covidbaseau.com/,59059590,,21606395,15137443
Australia,2022-05-28,"Moderna, Novavax, Oxford/AstraZeneca, Pfizer/BioNTech",https://covidbaseau.com/,59072890,,21606395,15150743
Australia,2022-05-29,"Moderna, Novavax, Oxford/AstraZeneca, Pfizer/BioNTech",https://covidbaseau.com/,59089678,,21609760,15162810
Australia,2022-05-30,"Moderna, Novavax, Oxford/AstraZeneca, Pfizer/BioNTech",https://covidbaseau.com/,59142893,,21612293,15212032
Australia,2022-05-31,"Moderna, Novavax, Oxford/AstraZeneca, Pfizer/BioNTech",https://covidbaseau.com/,59202011,,21614599,15267312
Australia,2022-06-01,"Moderna, Novavax, Oxford/AstraZeneca, Pfizer/BioNTech",https://covidbaseau.com/,59261572,,21616911,15323211
Australia,2022-06-02,"Moderna, Novavax, Oxford/AstraZeneca, Pfizer/BioNTech",https://covidbaseau.com/,59321031,,21619219,15378981
Australia,2022-06-03,"Moderna, Novavax, Oxford/AstraZeneca, Pfizer/BioNTech",https://covidbaseau.com/,59375533,,21622010,15429227
Australia,2022-06-04,"Moderna, Novavax, Oxford/AstraZeneca, Pfizer/BioNTech",https://covidbaseau.com/,59386702,,21622010,15440396
Australia,2022-06-05,"Moderna, Novavax, Oxford/AstraZeneca, Pfizer/BioNTech",https://covidbaseau.com/,59399900,,21624590,15449895
Australia,2022-06-06,"Moderna, Novavax, Oxford/AstraZeneca, Pfizer/BioNTech",https://covidbaseau.com/,59444066,,21626635,15490690
Australia,2022-06-07,"Moderna, Novavax, Oxford/AstraZeneca, Pfizer/BioNTech",https://covidbaseau.com/,59499838,,21628804,15543079
Australia,2022-06-08,"Moderna, Novavax, Oxford/AstraZeneca, Pfizer/BioNTech",https://covidbaseau.com/,59552386,,21630947,15592196
Australia,2022-06-09,"Moderna, Novavax, Oxford/AstraZeneca, Pfizer/BioNTech",https://covidbaseau.com/,59607038,,21633286,15643187
Australia,2022-06-10,"Moderna, Novavax, Oxford/AstraZeneca, Pfizer/BioNTech",https://covidbaseau.com/,59652982,,21635697,15685297
Australia,2022-06-12,"Moderna, Novavax, Oxford/AstraZeneca, Pfizer/BioNTech",https://covidbaseau.com/,59663231,,,15693206
Australia,2022-06-13,"Moderna, Novavax, Oxford/AstraZeneca, Pfizer/BioNTech",https://covidbaseau.com/,59684229,,21636888,15715917
Australia,2022-06-14,"Moderna, Novavax, Oxford/AstraZeneca, Pfizer/BioNTech",https://covidbaseau.com/,59739431,,21641140,15763259
Australia,2022-06-15,"Moderna, Novavax, Oxford/AstraZeneca, Pfizer/BioNTech",https://covidbaseau.com/,59788611,,21643147,15809249
Australia,2022-06-16,"Moderna, Novavax, Oxford/AstraZeneca, Pfizer/BioNTech",https://covidbaseau.com/,59835561,,21643777,15855742
Australia,2022-06-17,"Moderna, Novavax, Oxford/AstraZeneca, Pfizer/BioNTech",https://covidbaseau.com/,59882363,,21647523,15895938
Australia,2022-06-18,"Moderna, Novavax, Oxford/AstraZeneca, Pfizer/BioNTech",https://covidbaseau.com/,59897091,,,15908339
Australia,2022-06-19,"Moderna, Novavax, Oxford/AstraZeneca, Pfizer/BioNTech",https://covidbaseau.com/,59899939,,,15911187
Australia,2022-06-20,"Moderna, Novavax, Oxford/AstraZeneca, Pfizer/BioNTech",https://covidbaseau.com/,59942310,,,15949387
Australia,2022-06-21,"Moderna, Novavax, Oxford/AstraZeneca, Pfizer/BioNTech",https://covidbaseau.com/,59987771,,,15991809
Australia,2022-06-22,"Moderna, Novavax, Oxford/AstraZeneca, Pfizer/BioNTech",https://covidbaseau.com/,60030381,,,16031325
Australia,2022-06-23,"Moderna, Novavax, Oxford/AstraZeneca, Pfizer/BioNTech",https://covidbaseau.com/,60075193,,,16072663
Australia,2022-06-24,"Moderna, Novavax, Oxford/AstraZeneca, Pfizer/BioNTech",https://covidbaseau.com/,60113851,,,16107740
Australia,2022-06-25,"Moderna, Novavax, Oxford/AstraZeneca, Pfizer/BioNTech",https://covidbaseau.com/,60125909,,,16117499
Australia,2022-06-26,"Moderna, Novavax, Oxford/AstraZeneca, Pfizer/BioNTech",https://covidbaseau.com/,60131190,,,16121636
Australia,2022-06-27,"Moderna, Novavax, Oxford/AstraZeneca, Pfizer/BioNTech",https://covidbaseau.com/,60165116,,,16151996
Australia,2022-06-28,"Moderna, Novavax, Oxford/AstraZeneca, Pfizer/BioNTech",https://covidbaseau.com/,60203805,,,16187191
Australia,2022-06-29,"Moderna, Novavax, Oxford/AstraZeneca, Pfizer/BioNTech",https://covidbaseau.com/,60240472,,,16220228
Australia,2022-06-30,"Moderna, Novavax, Oxford/AstraZeneca, Pfizer/BioNTech",https://covidbaseau.com/,60277104,,,16253282
Australia,2022-07-01,"Moderna, Novavax, Oxford/AstraZeneca, Pfizer/BioNTech",https://covidbaseau.com/,60307995,,,16280641
Australia,2022-07-02,"Moderna, Novavax, Oxford/AstraZeneca, Pfizer/BioNTech",https://covidbaseau.com/,60317275,,,16288173
Australia,2022-07-03,"Moderna, Novavax, Oxford/AstraZeneca, Pfizer/BioNTech",https://covidbaseau.com/,60319007,,,16289905
Australia,2022-07-04,"Moderna, Novavax, Oxford/AstraZeneca, Pfizer/BioNTech",https://covidbaseau.com/,60352205,,,16318419
Australia,2022-07-05,"Moderna, Novavax, Oxford/AstraZeneca, Pfizer/BioNTech",https://covidbaseau.com/,60390456,,,16352535
Australia,2022-07-06,"Moderna, Novavax, Oxford/AstraZeneca, Pfizer/BioNTech",https://covidbaseau.com/,60430700,,,16388673
Australia,2022-07-07,"Moderna, Novavax, Oxford/AstraZeneca, Pfizer/BioNTech",https://covidbaseau.com/,60478973,,,16432702
Australia,2022-07-08,"Moderna, Novavax, Oxford/AstraZeneca, Pfizer/BioNTech",https://covidbaseau.com/,60538256,,,16487193
Australia,2022-07-09,"Moderna, Novavax, Oxford/AstraZeneca, Pfizer/BioNTech",https://covidbaseau.com/,60558799,,,16505643
Australia,2022-07-10,"Moderna, Novavax, Oxford/AstraZeneca, Pfizer/BioNTech",https://covidbaseau.com/,60566832,,,16512990
Australia,2022-07-11,"Moderna, Novavax, Oxford/AstraZeneca, Pfizer/BioNTech",https://covidbaseau.com/,60666885,,,16608804
Australia,2022-07-12,"Moderna, Novavax, Oxford/AstraZeneca, Pfizer/BioNTech",https://covidbaseau.com/,60785581,,,16723047
Australia,2022-07-13,"Moderna, Novavax, Oxford/AstraZeneca, Pfizer/BioNTech",https://covidbaseau.com/,60901407,,,16834530
Australia,2022-07-14,"Moderna, Novavax, Oxford/AstraZeneca, Pfizer/BioNTech",https://covidbaseau.com/,61018137,,,16946592
Australia,2022-07-15,"Moderna, Novavax, Oxford/AstraZeneca, Pfizer/BioNTech",https://covidbaseau.com/,61135222,,,17058703
Australia,2022-07-16,"Moderna, Novavax, Oxford/AstraZeneca, Pfizer/BioNTech",https://covidbaseau.com/,61184744,,,17105410
Australia,2022-07-17,"Moderna, Novavax, Oxford/AstraZeneca, Pfizer/BioNTech",https://covidbaseau.com/,61205725,,,17125242
Australia,2022-07-18,"Moderna, Novavax, Oxford/AstraZeneca, Pfizer/BioNTech",https://covidbaseau.com/,61308022,,,17223139
Australia,2022-07-19,"Moderna, Novavax, Oxford/AstraZeneca, Pfizer/BioNTech",https://covidbaseau.com/,61418398,,,17329593
Australia,2022-07-20,"Moderna, Novavax, Oxford/AstraZeneca, Pfizer/BioNTech",https://covidbaseau.com/,61524870,,,17432192
Australia,2022-07-21,"Moderna, Novavax, Oxford/AstraZeneca, Pfizer/BioNTech",https://covidbaseau.com/,61632291,,,17535147
Australia,2022-07-22,"Moderna, Novavax, Oxford/AstraZeneca, Pfizer/BioNTech",https://covidbaseau.com/,61737742,,,17636183
Australia,2022-07-23,"Moderna, Novavax, Oxford/AstraZeneca, Pfizer/BioNTech",https://covidbaseau.com/,61781182,,,17676707
Australia,2022-07-24,"Moderna, Novavax, Oxford/AstraZeneca, Pfizer/BioNTech",https://covidbaseau.com/,61796565,,,17691177
Australia,2022-07-25,"Moderna, Novavax, Oxford/AstraZeneca, Pfizer/BioNTech",https://covidbaseau.com/,61878802,,,17773414
Australia,2022-07-26,"Moderna, Novavax, Oxford/AstraZeneca, Pfizer/BioNTech",https://covidbaseau.com/,61973263,,,17860650
Australia,2022-07-27,"Moderna, Novavax, Oxford/AstraZeneca, Pfizer/BioNTech",https://covidbaseau.com/,62057787,,,17941716
Australia,2022-07-28,"Moderna, Novavax, Oxford/AstraZeneca, Pfizer/BioNTech",https://covidbaseau.com/,62140178,,,18020460
Australia,2022-07-29,"Moderna, Novavax, Oxford/AstraZeneca, Pfizer/BioNTech",https://covidbaseau.com/,62214063,,,18090649
Australia,2022-07-30,"Moderna, Novavax, Oxford/AstraZeneca, Pfizer/BioNTech",https://covidbaseau.com/,62245285,,,18119521
Australia,2022-07-31,"Moderna, Novavax, Oxford/AstraZeneca, Pfizer/BioNTech",https://covidbaseau.com/,62255266,,,18128815
Australia,2022-08-01,"Moderna, Novavax, Oxford/AstraZeneca, Pfizer/BioNTech",https://covidbaseau.com/,62311916,,,18182528
Australia,2022-08-02,"Moderna, Novavax, Oxford/AstraZeneca, Pfizer/BioNTech",https://covidbaseau.com/,62371340,,,18238992
Australia,2022-08-03,"Moderna, Novavax, Oxford/AstraZeneca, Pfizer/BioNTech",https://covidbaseau.com/,62426327,,,18291313
Australia,2022-08-04,"Moderna, Novavax, Oxford/AstraZeneca, Pfizer/BioNTech",https://covidbaseau.com/,62481417,,,18343383
Australia,2022-08-08,"Moderna, Novavax, Oxford/AstraZeneca, Pfizer/BioNTech",https://covidbaseau.com/,62596404,,,18450319
Australia,2022-08-09,"Moderna, Novavax, Oxford/AstraZeneca, Pfizer/BioNTech",https://covidbaseau.com/,62637824,,,18489245
Australia,2022-08-10,"Moderna, Novavax, Oxford/AstraZeneca, Pfizer/BioNTech",https://covidbaseau.com/,62675448,,,18524602
Australia,2022-08-11,"Moderna, Novavax, Oxford/AstraZeneca, Pfizer/BioNTech",https://covidbaseau.com/,62712556,,,18559235
Australia,2022-08-14,"Moderna, Novavax, Oxford/AstraZeneca, Pfizer/BioNTech",https://covidbaseau.com/,62766146,,,18608076
Australia,2022-08-15,"Moderna, Novavax, Oxford/AstraZeneca, Pfizer/BioNTech",https://covidbaseau.com/,62794740,,,18634216
Australia,2022-08-16,"Moderna, Novavax, Oxford/AstraZeneca, Pfizer/BioNTech",https://covidbaseau.com/,62825336,,,18662588
Australia,2022-08-17,"Moderna, Novavax, Oxford/AstraZeneca, Pfizer/BioNTech",https://covidbaseau.com/,62857791,,,18692846
Australia,2022-08-18,"Moderna, Novavax, Oxford/AstraZeneca, Pfizer/BioNTech",https://covidbaseau.com/,62885656,,,18718552
Australia,2022-08-21,"Moderna, Novavax, Oxford/AstraZeneca, Pfizer/BioNTech",https://covidbaseau.com/,62926030,,,18754700
Australia,2022-08-22,"Moderna, Novavax, Oxford/AstraZeneca, Pfizer/BioNTech",https://covidbaseau.com/,62946742,,,18773316
Australia,2022-08-23,"Moderna, Novavax, Oxford/AstraZeneca, Pfizer/BioNTech",https://covidbaseau.com/,62969297,,,18793980
Australia,2022-08-24,"Moderna, Novavax, Oxford/AstraZeneca, Pfizer/BioNTech",https://covidbaseau.com/,62990246,,,18813204
Australia,2022-08-25,"Moderna, Novavax, Oxford/AstraZeneca, Pfizer/BioNTech",https://covidbaseau.com/,63011373,,,18832487
Australia,2022-08-26,"Moderna, Novavax, Oxford/AstraZeneca, Pfizer/BioNTech",https://covidbaseau.com/,,,,18832487
Australia,2022-08-28,"Moderna, Novavax, Oxford/AstraZeneca, Pfizer/BioNTech",https://covidbaseau.com/,,,,18859966
Australia,2022-08-29,"Moderna, Novavax, Oxford/AstraZeneca, Pfizer/BioNTech",https://covidbaseau.com/,,,,18875258
Australia,2022-08-30,"Moderna, Novavax, Oxford/AstraZeneca, Pfizer/BioNTech",https://covidbaseau.com/,,,,18892933
Australia,2022-08-31,"Moderna, Novavax, Oxford/AstraZeneca, Pfizer/BioNTech",https://covidbaseau.com/,,,,18908728
Australia,2022-09-01,"Moderna, Novavax, Oxford/AstraZeneca, Pfizer/BioNTech",https://covidbaseau.com/,,,,18923633
Australia,2022-09-04,"Moderna, Novavax, Oxford/AstraZeneca, Pfizer/BioNTech",https://covidbaseau.com/,,,,18945768
Australia,2022-09-05,"Moderna, Novavax, Oxford/AstraZeneca, Pfizer/BioNTech",https://covidbaseau.com/,,,,18957759
Australia,2022-09-06,"Moderna, Novavax, Oxford/AstraZeneca, Pfizer/BioNTech",https://covidbaseau.com/,,,,18971212
Australia,2022-09-07,"Moderna, Novavax, Oxford/AstraZeneca, Pfizer/BioNTech",https://covidbaseau.com/,,,,18983873
Australia,2022-09-08,"Moderna, Novavax, Oxford/AstraZeneca, Pfizer/BioNTech",https://covidbaseau.com/,,,,18996903
Australia,2022-09-15,"Moderna, Novavax, Oxford/AstraZeneca, Pfizer/BioNTech",https://covidbaseau.com/,,,,19048216
Australia,2022-09-22,"Moderna, Novavax, Oxford/AstraZeneca, Pfizer/BioNTech",https://covidbaseau.com/,,,,19096548
Australia,2022-09-29,"Moderna, Novavax, Oxford/AstraZeneca, Pfizer/BioNTech",https://covidbaseau.com/,,,,19145155
Australia,2022-11-03,"Moderna, Novavax, Oxford/AstraZeneca, Pfizer/BioNTech",https://covidbaseau.com/,63179861,,,19293337
Australia,2022-11-10,"Moderna, Novavax, Oxford/AstraZeneca, Pfizer/BioNTech",https://covidbaseau.com/,63236277,,,19349035
Australia,2022-11-17,"Moderna, Novavax, Oxford/AstraZeneca, Pfizer/BioNTech",https://covidbaseau.com/,63332108,,,19442135
Australia,2022-11-24,"Moderna, Novavax, Oxford/AstraZeneca, Pfizer/BioNTech",https://covidbaseau.com/,63406631,,,19514697
Australia,2022-12-01,"Moderna, Novavax, Oxford/AstraZeneca, Pfizer/BioNTech",https://covidbaseau.com/,63460368,,,19567150
Australia,2022-12-08,"Moderna, Novavax, Oxford/AstraZeneca, Pfizer/BioNTech",https://covidbaseau.com/,63505559,,,19613644
Australia,2022-12-15,"Moderna, Novavax, Oxford/AstraZeneca, Pfizer/BioNTech",https://covidbaseau.com/,63548762,,,19656814
Australia,2022-12-22,"Moderna, Novavax, Oxford/AstraZeneca, Pfizer/BioNTech",https://covidbaseau.com/,63583562,,,19691609
Australia,2023-01-05,"Moderna, Novavax, Oxford/AstraZeneca, Pfizer/BioNTech",https://covidbaseau.com/,63611887,,,19721346
Australia,2023-01-12,"Moderna, Novavax, Oxford/AstraZeneca, Pfizer/BioNTech",https://covidbaseau.com/,63634307,,,19743221
Australia,2023-01-19,"Moderna, Novavax, Oxford/AstraZeneca, Pfizer/BioNTech",https://covidbaseau.com/,63654606,,,19762423
Australia,2023-01-26,"Moderna, Novavax, Oxford/AstraZeneca, Pfizer/BioNTech",https://covidbaseau.com/,63668170,,,19776130
Australia,2023-02-02,"Moderna, Novavax, Oxford/AstraZeneca, Pfizer/BioNTech",https://covidbaseau.com/,63681652,,,19790466
Australia,2023-03-24,"Johnson&Johnson, Moderna, Novavax, Oxford/AstraZeneca, Pfizer/BioNTech",https://covid19.who.int/,65492360,,,
Australia,2023-07-06,"Johnson&Johnson, Moderna, Novavax, Oxford/AstraZeneca, Pfizer/BioNTech",https://covid19.who.int/,68247343,,,
Australia,2023-08-03,"Johnson&Johnson, Moderna, Novavax, Oxford/AstraZeneca, Pfizer/BioNTech",https://covid19.who.int/,68480571,,,
Australia,2023-09-07,"Johnson&Johnson, Moderna, Novavax, Oxford/AstraZeneca, Pfizer/BioNTech",https://covid19.who.int/,68653247,,,
Australia,2023-10-05,"Johnson&Johnson, Moderna, Novavax, Oxford/AstraZeneca, Pfizer/BioNTech",https://data.who.int/dashboards/covid19/,68770769,,,
Australia,2023-12-07,"Johnson&Johnson, Moderna, Novavax, Oxford/AstraZeneca, Pfizer/BioNTech",https://covid19.who.int/,69306345,,,
Australia,2023-12-31,"Johnson&Johnson, Moderna, Novavax, Oxford/AstraZeneca, Pfizer/BioNTech",https://data.who.int/dashboards/covid19/,69686752,,,
